nfeatures: 1230
scaleFactor: 1.8847186328577767
pathSize: 44
checks: 18
prob: 0.9827160798859101
threshold: 7
Time:  96±30 ms
Error: 4.05±15.41 º
