nfeatures: 1260
scaleFactor: 1.9575404949239472
pathSize: 31
checks: 20
prob: 0.9980880128787601
threshold: 10
