nfeatures: 1076
scaleFactor: 1.8295228993138366
pathSize: 47
checks: 63
prob: 0.9554527698097702
threshold: 3
Time:  92±6 ms
Error: 1.34±4.52º
